
--------------------------------

Final result:

    :  HITS COUNT   :
( 0):      332812,    143869,     28753,       631,         0,         0,         0,    506065
( 1):      232209,     56973,      8929,       220,         0,         0,         0,    298331
( 2):           0,         0,         0,         0,         0,         0,         0,         0
( 3):           0, 737383388,         0,         0,         0,         0,         0, 737383388
( 4):           0,         0,         0,         0,         0,         0,         0,         0
( 5):           0,         0,         0, 115247981,         0,         0,         0, 115247981
( 6):           0,         0, 138535209,         0,         0,         0,         0, 138535209
( 7):           0,   8086543,         0,         0,         0,         0,         0,   8086543
( 8):           0,    377604,    565165,         0,         0,         0,         0,    942769
( 9):           0,         0,         0,         0,         0,         0,         0,         0
(10):           0,         0,         0,         0,         0,         0,         0,         0
(11):           0,         0,         0,         0,         0,         0,         0,         0
(12):           0,         0,         0,         0,         0,         0,         0,         0
(13):           0,         0,         0,         0,         0,         0,         0,         0
Processed: 804396 total; 62.9% partscore + 37.1% game
Averages: ideal = 239, bidGame = 114, partscore=146
The search took 5.3 + an aftermath 13673.5 sec.
Press any key.
