Fix 17 hcp hand;
1c-(1s)-dbl-(3s)
-3NT-(4s)-dbl-(p)-??
Assume partner 13+
Question: dbl, 5 clubs / 6 clubs? Ver 2.0  started.
Aiming : 2001000000 =
   main:  672210938 +
helperA:  664394531 +
helperB:  664394531
-------------------
Memory 61M in main
Memory 22M in helperA
Memory 22M in helperB
helperB:  664394562 done---> 54777
helperA:  664394562 done---> 54815
   main:  672210942 done
Passing 164631 for double-dummy inspection: roughly each 1 of 9815; 1615979200 skipped

    :  HITS COUNT   :
( 0):           0,         0,         0,         0,         0,         0,         0,         0
( 1):           0,         0,         0,         0,         0,         0,         0,         0
( 2):           0,         0,         0,         0,         0,         0,         0,         0
( 3):           0,  32907525,1512506180,         0,         0,         0,         0,1545413705
( 4):           0,  62933787,   7194157, 383742291,         0,         0,         0, 453870235
( 5):           0,         0,     80344,   1267295,         0,         0,         0,   1347639
( 6):           0,         0,    192576,     11280,         0,         0,         0,    203856
( 7):           0,         0,         0,         0,         0,         0,         0,         0
( 8):           0,         0,         0,         0,         0,         0,         0,         0
( 9):           0,         0,         0,         0,         0,         0,         0,         0
(10):           0,         0,         0,         0,         0,         0,         0,         0
(11):           0,         0,         0,         0,         0,         0,         0,         0
(12):           0,         0,         0,         0,         0,         0,         0,         0
(13):           0,         0,         0,         0,         0,         0,         0,         0
Solving started: 12 tricks board example:
--------
            AQ
            J7
            AJ8
            KQ8764
T743                    KJ965
Q642                    K853
T63                     9542
JT                      -
            82
            AT9
            KQ7
            A9532
....
    :  HITS COUNT   :
( 0):         154,        17,         0,         0,         0,         0,         0,       171
( 1):         215,       114,         0,         0,         0,         0,         0,       329
( 2):           0,         0,         0,         0,         0,         0,         0,         0
( 3):           0,  32907525,1512506180,         0,         0,         0,         0,1545413705
( 4):           0,  62933787,   7194157, 383742291,         0,         0,         0, 453870235
( 5):           0,         0,     80344,   1267295,         0,         0,         0,   1347639
( 6):           0,         0,    192576,     11280,         0,         0,         0,    203856
( 7):           0,         0,         0,         0,         0,         0,         0,         0
( 8):           0,         0,         0,         0,         0,         0,         0,         0
( 9):           0,         0,         0,         0,         0,         0,         0,         0
(10):           8,        54,       148,       191,        85,        11,         0,       497
(11):           3,         0,         0,         0,         0,         0,         0,         3
(12):           0,         0,         0,         0,         0,         0,         0,         0
(13):           0,         0,         0,         0,         0,         0,         0,         0
Processed: 500 total; 65.8% slam + 34.2% game
Averages: ideal = 731, bidGame = 402, slam=591
Their contract expectation average: passed = 0, doubled = 701
Yet more 164231 to go:....
    :  HITS COUNT   :
( 0):         272,        25,         0,         0,         0,         0,         0,       297
( 1):         455,       248,         0,         0,         0,         0,         0,       703
( 2):           0,         0,         0,         0,         0,         0,         0,         0
( 3):           0,  32907525,1512506180,         0,         0,         0,         0,1545413705
( 4):           0,  62933787,   7194157, 383742291,         0,         0,         0, 453870235
( 5):           0,         0,     80344,   1267295,         0,         0,         0,   1347639
( 6):           0,         0,    192576,     11280,         0,         0,         0,    203856
( 7):           0,         0,         0,         0,         0,         0,         0,         0
( 8):           0,         0,         0,         0,         0,         0,         0,         0
( 9):           0,         0,         0,         0,         0,         0,         0,         0
(10):          28,       100,       295,       389,       161,        20,         0,       993
(11):           7,         0,         0,         0,         0,         0,         0,         7
(12):           0,         0,         0,         0,         0,         0,         0,         0
(13):           0,         0,         0,         0,         0,         0,         0,         0
Processed: 1000 total; 70.3% slam + 29.7% game
Averages: ideal = 759, bidGame = 407, slam=635
Their contract expectation average: passed = 0, doubled = 692
Yet more 163731 to go:.........
    :  HITS COUNT   :
( 0):         508,        47,         3,         0,         0,         0,         0,       558
( 1):         952,       490,         0,         0,         0,         0,         0,      1442
( 2):           0,         0,         0,         0,         0,         0,         0,         0
( 3):           0,  32907525,1512506180,         0,         0,         0,         0,1545413705
( 4):           0,  62933787,   7194157, 383742291,         0,         0,         0, 453870235
( 5):           0,         0,     80344,   1267295,         0,         0,         0,   1347639
( 6):           0,         0,    192576,     11280,         0,         0,         0,    203856
( 7):           0,         0,         0,         0,         0,         0,         0,         0
( 8):           0,         0,         0,         0,         0,         0,         0,         0
( 9):           0,         0,         0,         0,         0,         0,         0,         0
(10):          38,       214,       612,       744,       340,        44,         0,      1992
(11):           8,         0,         0,         0,         0,         0,         0,         8
(12):           0,         0,         0,         0,         0,         0,         0,         0
(13):           0,         0,         0,         0,         0,         0,         0,         0
Processed: 2000 total; 72.1% slam + 27.9% game
Averages: ideal = 768, bidGame = 407, slam=652
Their contract expectation average: passed = 0, doubled = 700
Yet more 162731 to go:.........
    :  HITS COUNT   :
( 0):         774,        68,         6,         0,         0,         0,         0,       848
( 1):        1449,       703,         0,         0,         0,         0,         0,      2152
( 2):           0,         0,         0,         0,         0,         0,         0,         0
( 3):           0,  32907525,1512506180,         0,         0,         0,         0,1545413705
( 4):           0,  62933787,   7194157, 383742291,         0,         0,         0, 453870235
( 5):           0,         0,     80344,   1267295,         0,         0,         0,   1347639
( 6):           0,         0,    192576,     11280,         0,         0,         0,    203856
( 7):           0,         0,         0,         0,         0,         0,         0,         0
( 8):           0,         0,         0,         0,         0,         0,         0,         0
( 9):           0,         0,         0,         0,         0,         0,         0,         0
(10):          57,       324,       925,      1124,       492,        67,         0,      2989
(11):          11,         0,         0,         0,         0,         0,         0,        11
(12):           0,         0,         0,         0,         0,         0,         0,         0
(13):           0,         0,         0,         0,         0,         0,         0,         0
Processed: 3000 total; 71.7% slam + 28.3% game
Averages: ideal = 766, bidGame = 407, slam=649
Their contract expectation average: passed = 0, doubled = 697
Yet more 161731 to go:.........
    :  HITS COUNT   :
( 0):        1022,        97,        10,         0,         0,         0,         0,      1129
( 1):        1913,       958,         0,         0,         0,         0,         0,      2871
( 2):           0,         0,         0,         0,         0,         0,         0,         0
( 3):           0,  32907525,1512506180,         0,         0,         0,         0,1545413705
( 4):           0,  62933787,   7194157, 383742291,         0,         0,         0, 453870235
( 5):           0,         0,     80344,   1267295,         0,         0,         0,   1347639
( 6):           0,         0,    192576,     11280,         0,         0,         0,    203856
( 7):           0,         0,         0,         0,         0,         0,         0,         0
( 8):           0,         0,         0,         0,         0,         0,         0,         0
( 9):           0,         0,         0,         0,         0,         0,         0,         0
(10):          67,       443,      1253,      1486,       651,        85,         0,      3985
(11):          15,         0,         0,         0,         0,         0,         0,        15
(12):           0,         0,         0,         0,         0,         0,         0,         0
(13):           0,         0,         0,         0,         0,         0,         0,         0
Processed: 4000 total; 71.8% slam + 28.2% game
Averages: ideal = 765, bidGame = 406, slam=649
Their contract expectation average: passed = 0, doubled = 695
Yet more 160731 to go:.........
    :  HITS COUNT   :
( 0):        1289,       119,        11,         0,         0,         0,         0,      1419
( 1):        2378,      1203,         0,         0,         0,         0,         0,      3581
( 2):           0,         0,         0,         0,         0,         0,         0,         0
( 3):           0,  32907525,1512506180,         0,         0,         0,         0,1545413705
( 4):           0,  62933787,   7194157, 383742291,         0,         0,         0, 453870235
( 5):           0,         0,     80344,   1267295,         0,         0,         0,   1347639
( 6):           0,         0,    192576,     11280,         0,         0,         0,    203856
( 7):           0,         0,         0,         0,         0,         0,         0,         0
( 8):           0,         0,         0,         0,         0,         0,         0,         0
( 9):           0,         0,         0,         0,         0,         0,         0,         0
(10):          83,       551,      1544,      1863,       835,       107,         0,      4983
(11):          17,         0,         0,         0,         0,         0,         0,        17
(12):           0,         0,         0,         0,         0,         0,         0,         0
(13):           0,         0,         0,         0,         0,         0,         0,         0
Processed: 5000 total; 71.6% slam + 28.4% game
Averages: ideal = 765, bidGame = 407, slam=648
Their contract expectation average: passed = 0, doubled = 698
Yet more 159731 to go:.........
    :  HITS COUNT   :
( 0):        1552,       136,        12,         0,         0,         0,         0,      1700
( 1):        2860,      1440,         0,         0,         0,         0,         0,      4300
( 2):           0,         0,         0,         0,         0,         0,         0,         0
( 3):           0,  32907525,1512506180,         0,         0,         0,         0,1545413705
( 4):           0,  62933787,   7194157, 383742291,         0,         0,         0, 453870235
( 5):           0,         0,     80344,   1267295,         0,         0,         0,   1347639
( 6):           0,         0,    192576,     11280,         0,         0,         0,    203856
( 7):           0,         0,         0,         0,         0,         0,         0,         0
( 8):           0,         0,         0,         0,         0,         0,         0,         0
( 9):           0,         0,         0,         0,         0,         0,         0,         0
(10):         109,       687,      1864,      2204,       992,       122,         0,      5978
(11):          21,         1,         0,         0,         0,         0,         0,        22
(12):           0,         0,         0,         0,         0,         0,         0,         0
(13):           0,         0,         0,         0,         0,         0,         0,         0
Processed: 6000 total; 71.7% slam + 28.3% game
Averages: ideal = 766, bidGame = 407, slam=648
Their contract expectation average: passed = 0, doubled = 693
Yet more 158731 to go:.........
    :  HITS COUNT   :
( 0):        1809,       159,        16,         0,         0,         0,         0,      1984
( 1):        3318,      1698,         0,         0,         0,         0,         0,      5016
( 2):           0,         0,         0,         0,         0,         0,         0,         0
( 3):           0,  32907525,1512506180,         0,         0,         0,         0,1545413705
( 4):           0,  62933787,   7194157, 383742291,         0,         0,         0, 453870235
( 5):           0,         0,     80344,   1267295,         0,         0,         0,   1347639
( 6):           0,         0,    192576,     11280,         0,         0,         0,    203856
( 7):           0,         0,         0,         0,         0,         0,         0,         0
( 8):           0,         0,         0,         0,         0,         0,         0,         0
( 9):           0,         0,         0,         0,         0,         0,         0,         0
(10):         132,       782,      2213,      2564,      1148,       137,         0,      6976
(11):          23,         1,         0,         0,         0,         0,         0,        24
(12):           0,         0,         0,         0,         0,         0,         0,         0
(13):           0,         0,         0,         0,         0,         0,         0,         0
Processed: 7000 total; 71.7% slam + 28.3% game
Averages: ideal = 766, bidGame = 407, slam=648
Their contract expectation average: passed = 0, doubled = 692
Yet more 157731 to go:.........
    :  HITS COUNT   :
( 0):        2072,       187,        20,         0,         0,         0,         0,      2279
( 1):        3783,      1938,         0,         0,         0,         0,         0,      5721
( 2):           0,         0,         0,         0,         0,         0,         0,         0
( 3):           0,  32907525,1512506180,         0,         0,         0,         0,1545413705
( 4):           0,  62933787,   7194157, 383742291,         0,         0,         0, 453870235
( 5):           0,         0,     80344,   1267295,         0,         0,         0,   1347639
( 6):           0,         0,    192576,     11280,         0,         0,         0,    203856
( 7):           0,         0,         0,         0,         0,         0,         0,         0
( 8):           0,         0,         0,         0,         0,         0,         0,         0
( 9):           0,         0,         0,         0,         0,         0,         0,         0
(10):         154,       885,      2523,      2946,      1305,       159,         0,      7972
(11):          27,         1,         0,         0,         0,         0,         0,        28
(12):           0,         0,         0,         0,         0,         0,         0,         0
(13):           0,         0,         0,         0,         0,         0,         0,         0
Processed: 8000 total; 71.5% slam + 28.5% game
Averages: ideal = 764, bidGame = 407, slam=647
Their contract expectation average: passed = 0, doubled = 692
Yet more 156731 to go:.........
    :  HITS COUNT   :
( 0):        2353,       207,        22,         0,         0,         0,         0,      2582
( 1):        4246,      2172,         0,         0,         0,         0,         0,      6418
( 2):           0,         0,         0,         0,         0,         0,         0,         0
( 3):           0,  32907525,1512506180,         0,         0,         0,         0,1545413705
( 4):           0,  62933787,   7194157, 383742291,         0,         0,         0, 453870235
( 5):           0,         0,     80344,   1267295,         0,         0,         0,   1347639
( 6):           0,         0,    192576,     11280,         0,         0,         0,    203856
( 7):           0,         0,         0,         0,         0,         0,         0,         0
( 8):           0,         0,         0,         0,         0,         0,         0,         0
( 9):           0,         0,         0,         0,         0,         0,         0,         0
(10):         180,       986,      2826,      3340,      1460,       177,         0,      8969
(11):          29,         2,         0,         0,         0,         0,         0,        31
(12):           0,         0,         0,         0,         0,         0,         0,         0
(13):           0,         0,         0,         0,         0,         0,         0,         0
Processed: 9000 total; 71.3% slam + 28.7% game
Averages: ideal = 764, bidGame = 407, slam=645
Their contract expectation average: passed = 0, doubled = 692
Yet more 155731 to go:.........
    :  HITS COUNT   :
( 0):        2610,       229,        23,         0,         0,         0,         0,      2862
( 1):        4714,      2424,         0,         0,         0,         0,         0,      7138
( 2):           0,         0,         0,         0,         0,         0,         0,         0
( 3):           0,  32907525,1512506180,         0,         0,         0,         0,1545413705
( 4):           0,  62933787,   7194157, 383742291,         0,         0,         0, 453870235
( 5):           0,         0,     80344,   1267295,         0,         0,         0,   1347639
( 6):           0,         0,    192576,     11280,         0,         0,         0,    203856
( 7):           0,         0,         0,         0,         0,         0,         0,         0
( 8):           0,         0,         0,         0,         0,         0,         0,         0
( 9):           0,         0,         0,         0,         0,         0,         0,         0
(10):         203,      1094,      3152,      3694,      1624,       200,         0,      9967
(11):          31,         2,         0,         0,         0,         0,         0,        33
(12):           0,         0,         0,         0,         0,         0,         0,         0
(13):           0,         0,         0,         0,         0,         0,         0,         0
Processed: 10000 total; 71.4% slam + 28.6% game
Averages: ideal = 764, bidGame = 407, slam=645
Their contract expectation average: passed = 0, doubled = 692
Yet more 154731 to go:.........
    :  HITS COUNT   :
( 0):        2854,       254,        24,         0,         0,         0,         0,      3132
( 1):        5192,      2676,         0,         0,         0,         0,         0,      7868
( 2):           0,         0,         0,         0,         0,         0,         0,         0
( 3):           0,  32907525,1512506180,         0,         0,         0,         0,1545413705
( 4):           0,  62933787,   7194157, 383742291,         0,         0,         0, 453870235
( 5):           0,         0,     80344,   1267295,         0,         0,         0,   1347639
( 6):           0,         0,    192576,     11280,         0,         0,         0,    203856
( 7):           0,         0,         0,         0,         0,         0,         0,         0
( 8):           0,         0,         0,         0,         0,         0,         0,         0
( 9):           0,         0,         0,         0,         0,         0,         0,         0
(10):         221,      1228,      3478,      4052,      1763,       223,         0,     10965
(11):          32,         3,         0,         0,         0,         0,         0,        35
(12):           0,         0,         0,         0,         0,         0,         0,         0
(13):           0,         0,         0,         0,         0,         0,         0,         0
Processed: 11000 total; 71.5% slam + 28.5% game
Averages: ideal = 765, bidGame = 407, slam=647
Their contract expectation average: passed = 0, doubled = 691
Yet more 153731 to go:.........
    :  HITS COUNT   :
( 0):        3119,       274,        25,         0,         0,         0,         0,      3418
( 1):        5661,      2921,         0,         0,         0,         0,         0,      8582
( 2):           0,         0,         0,         0,         0,         0,         0,         0
( 3):           0,  32907525,1512506180,         0,         0,         0,         0,1545413705
( 4):           0,  62933787,   7194157, 383742291,         0,         0,         0, 453870235
( 5):           0,         0,     80344,   1267295,         0,         0,         0,   1347639
( 6):           0,         0,    192576,     11280,         0,         0,         0,    203856
( 7):           0,         0,         0,         0,         0,         0,         0,         0
( 8):           0,         0,         0,         0,         0,         0,         0,         0
( 9):           0,         0,         0,         0,         0,         0,         0,         0
(10):         235,      1349,      3799,      4401,      1937,       241,         1,     11963
(11):          34,         3,         0,         0,         0,         0,         0,        37
(12):           0,         0,         0,         0,         0,         0,         0,         0
(13):           0,         0,         0,         0,         0,         0,         0,         0
Processed: 12000 total; 71.5% slam + 28.5% game
Averages: ideal = 765, bidGame = 407, slam=647
Their contract expectation average: passed = 0, doubled = 691
Yet more 152731 to go:.........
    :  HITS COUNT   :
( 0):        3382,       303,        25,         0,         0,         0,         0,      3710
( 1):        6124,      3166,         0,         0,         0,         0,         0,      9290
( 2):           0,         0,         0,         0,         0,         0,         0,         0
( 3):           0,  32907525,1512506180,         0,         0,         0,         0,1545413705
( 4):           0,  62933787,   7194157, 383742291,         0,         0,         0, 453870235
( 5):           0,         0,     80344,   1267295,         0,         0,         0,   1347639
( 6):           0,         0,    192576,     11280,         0,         0,         0,    203856
( 7):           0,         0,         0,         0,         0,         0,         0,         0
( 8):           0,         0,         0,         0,         0,         0,         0,         0
( 9):           0,         0,         0,         0,         0,         0,         0,         0
(10):         258,      1467,      4099,      4783,      2094,       260,         1,     12962
(11):          35,         3,         0,         0,         0,         0,         0,        38
(12):           0,         0,         0,         0,         0,         0,         0,         0
(13):           0,         0,         0,         0,         0,         0,         0,         0
Processed: 13000 total; 71.5% slam + 28.5% game
Averages: ideal = 765, bidGame = 407, slam=646
Their contract expectation average: passed = 0, doubled = 691
Yet more 151731 to go:.........
    :  HITS COUNT   :
( 0):        3660,       327,        26,         0,         0,         0,         0,      4013
( 1):        6607,      3380,         0,         0,         0,         0,         0,      9987
( 2):           0,         0,         0,         0,         0,         0,         0,         0
( 3):           0,  32907525,1512506180,         0,         0,         0,         0,1545413705
( 4):           0,  62933787,   7194157, 383742291,         0,         0,         0, 453870235
( 5):           0,         0,     80344,   1267295,         0,         0,         0,   1347639
( 6):           0,         0,    192576,     11280,         0,         0,         0,    203856
( 7):           0,         0,         0,         0,         0,         0,         0,         0
( 8):           0,         0,         0,         0,         0,         0,         0,         0
( 9):           0,         0,         0,         0,         0,         0,         0,         0
(10):         284,      1568,      4432,      5133,      2268,       269,         1,     13955
(11):          42,         3,         0,         0,         0,         0,         0,        45
(12):           0,         0,         0,         0,         0,         0,         0,         0
(13):           0,         0,         0,         0,         0,         0,         0,         0
Processed: 14000 total; 71.3% slam + 28.7% game
Averages: ideal = 764, bidGame = 407, slam=645
Their contract expectation average: passed = 0, doubled = 690
Yet more 150731 to go:.........
    :  HITS COUNT   :
( 0):        3931,       346,        26,         0,         0,         0,         0,      4303
( 1):        7066,      3631,         0,         0,         0,         0,         0,     10697
( 2):           0,         0,         0,         0,         0,         0,         0,         0
( 3):           0,  32907525,1512506180,         0,         0,         0,         0,1545413705
( 4):           0,  62933787,   7194157, 383742291,         0,         0,         0, 453870235
( 5):           0,         0,     80344,   1267295,         0,         0,         0,   1347639
( 6):           0,         0,    192576,     11280,         0,         0,         0,    203856
( 7):           0,         0,         0,         0,         0,         0,         0,         0
( 8):           0,         0,         0,         0,         0,         0,         0,         0
( 9):           0,         0,         0,         0,         0,         0,         0,         0
(10):         308,      1684,      4731,      5499,      2435,       294,         1,     14952
(11):          45,         3,         0,         0,         0,         0,         0,        48
(12):           0,         0,         0,         0,         0,         0,         0,         0
(13):           0,         0,         0,         0,         0,         0,         0,         0
Processed: 15000 total; 71.3% slam + 28.7% game
Averages: ideal = 764, bidGame = 407, slam=645
Their contract expectation average: passed = 0, doubled = 690
Yet more 149731 to go:.........
    :  HITS COUNT   :
( 0):        4193,       376,        27,         0,         0,         0,         0,      4596
( 1):        7527,      3877,         0,         0,         0,         0,         0,     11404
( 2):           0,         0,         0,         0,         0,         0,         0,         0
( 3):           0,  32907525,1512506180,         0,         0,         0,         0,1545413705
( 4):           0,  62933787,   7194157, 383742291,         0,         0,         0, 453870235
( 5):           0,         0,     80344,   1267295,         0,         0,         0,   1347639
( 6):           0,         0,    192576,     11280,         0,         0,         0,    203856
( 7):           0,         0,         0,         0,         0,         0,         0,         0
( 8):           0,         0,         0,         0,         0,         0,         0,         0
( 9):           0,         0,         0,         0,         0,         0,         0,         0
(10):         324,      1794,      5046,      5869,      2594,       321,         1,     15949
(11):          48,         3,         0,         0,         0,         0,         0,        51
(12):           0,         0,         0,         0,         0,         0,         0,         0
(13):           0,         0,         0,         0,         0,         0,         0,         0
Processed: 16000 total; 71.3% slam + 28.7% game
Averages: ideal = 764, bidGame = 407, slam=644
Their contract expectation average: passed = 0, doubled = 691
Yet more 148731 to go:.........
    :  HITS COUNT   :
( 0):        4431,       392,        27,         0,         0,         0,         0,      4850
( 1):        7997,      4153,         0,         0,         0,         0,         0,     12150
( 2):           0,         0,         0,         0,         0,         0,         0,         0
( 3):           0,  32907525,1512506180,         0,         0,         0,         0,1545413705
( 4):           0,  62933787,   7194157, 383742291,         0,         0,         0, 453870235
( 5):           0,         0,     80344,   1267295,         0,         0,         0,   1347639
( 6):           0,         0,    192576,     11280,         0,         0,         0,    203856
( 7):           0,         0,         0,         0,         0,         0,         0,         0
( 8):           0,         0,         0,         0,         0,         0,         0,         0
( 9):           0,         0,         0,         0,         0,         0,         0,         0
(10):         341,      1914,      5362,      6244,      2744,       340,         1,     16946
(11):          51,         3,         0,         0,         0,         0,         0,        54
(12):           0,         0,         0,         0,         0,         0,         0,         0
(13):           0,         0,         0,         0,         0,         0,         0,         0
Processed: 17000 total; 71.5% slam + 28.5% game
Averages: ideal = 765, bidGame = 408, slam=646
Their contract expectation average: passed = 0, doubled = 691
Yet more 147731 to go:.........
    :  HITS COUNT   :
( 0):        4692,       416,        30,         0,         0,         0,         0,      5138
( 1):        8444,      4418,         0,         0,         0,         0,         0,     12862
( 2):           0,         0,         0,         0,         0,         0,         0,         0
( 3):           0,  32907525,1512506180,         0,         0,         0,         0,1545413705
( 4):           0,  62933787,   7194157, 383742291,         0,         0,         0, 453870235
( 5):           0,         0,     80344,   1267295,         0,         0,         0,   1347639
( 6):           0,         0,    192576,     11280,         0,         0,         0,    203856
( 7):           0,         0,         0,         0,         0,         0,         0,         0
( 8):           0,         0,         0,         0,         0,         0,         0,         0
( 9):           0,         0,         0,         0,         0,         0,         0,         0
(10):         357,      2030,      5685,      6595,      2922,       356,         1,     17946
(11):          51,         3,         0,         0,         0,         0,         0,        54
(12):           0,         0,         0,         0,         0,         0,         0,         0
(13):           0,         0,         0,         0,         0,         0,         0,         0
Processed: 18000 total; 71.5% slam + 28.5% game
Averages: ideal = 765, bidGame = 407, slam=646
Their contract expectation average: passed = 0, doubled = 691
Yet more 146731 to go:.........
    :  HITS COUNT   :
( 0):        4971,       427,        30,         0,         0,         0,         0,      5428
( 1):        8919,      4653,         0,         0,         0,         0,         0,     13572
( 2):           0,         0,         0,         0,         0,         0,         0,         0
( 3):           0,  32907525,1512506180,         0,         0,         0,         0,1545413705
( 4):           0,  62933787,   7194157, 383742291,         0,         0,         0, 453870235
( 5):           0,         0,     80344,   1267295,         0,         0,         0,   1347639
( 6):           0,         0,    192576,     11280,         0,         0,         0,    203856
( 7):           0,         0,         0,         0,         0,         0,         0,         0
( 8):           0,         0,         0,         0,         0,         0,         0,         0
( 9):           0,         0,         0,         0,         0,         0,         0,         0
(10):         385,      2156,      5984,      6967,      3076,       377,         1,     18946
(11):          51,         3,         0,         0,         0,         0,         0,        54
(12):           0,         0,         0,         0,         0,         0,         0,         0
(13):           0,         0,         0,         0,         0,         0,         0,         0
Processed: 19000 total; 71.4% slam + 28.6% game
Averages: ideal = 765, bidGame = 408, slam=646
Their contract expectation average: passed = 0, doubled = 691
Yet more 145731 to go:.........
    :  HITS COUNT   :
( 0):        5223,       449,        35,         0,         0,         0,         0,      5707
( 1):        9417,      4876,         0,         0,         0,         0,         0,     14293
( 2):           0,         0,         0,         0,         0,         0,         0,         0
( 3):           0,  32907525,1512506180,         0,         0,         0,         0,1545413705
( 4):           0,  62933787,   7194157, 383742291,         0,         0,         0, 453870235
( 5):           0,         0,     80344,   1267295,         0,         0,         0,   1347639
( 6):           0,         0,    192576,     11280,         0,         0,         0,    203856
( 7):           0,         0,         0,         0,         0,         0,         0,         0
( 8):           0,         0,         0,         0,         0,         0,         0,         0
( 9):           0,         0,         0,         0,         0,         0,         0,         0
(10):         398,      2259,      6281,      7377,      3230,       397,         1,     19943
(11):          54,         3,         0,         0,         0,         0,         0,        57
(12):           0,         0,         0,         0,         0,         0,         0,         0
(13):           0,         0,         0,         0,         0,         0,         0,         0
Processed: 20000 total; 71.5% slam + 28.5% game
Averages: ideal = 765, bidGame = 408, slam=646
Their contract expectation average: passed = 0, doubled = 691
Yet more 144731 to go:.........
    :  HITS COUNT   :
( 0):        5495,       467,        35,         0,         0,         0,         0,      5997
( 1):        9866,      5137,         0,         0,         0,         0,         0,     15003
( 2):           0,         0,         0,         0,         0,         0,         0,         0
( 3):           0,  32907525,1512506180,         0,         0,         0,         0,1545413705
( 4):           0,  62933787,   7194157, 383742291,         0,         0,         0, 453870235
( 5):           0,         0,     80344,   1267295,         0,         0,         0,   1347639
( 6):           0,         0,    192576,     11280,         0,         0,         0,    203856
( 7):           0,         0,         0,         0,         0,         0,         0,         0
( 8):           0,         0,         0,         0,         0,         0,         0,         0
( 9):           0,         0,         0,         0,         0,         0,         0,         0
(10):         421,      2369,      6556,      7786,      3389,       416,         1,     20938
(11):          56,         6,         0,         0,         0,         0,         0,        62
(12):           0,         0,         0,         0,         0,         0,         0,         0
(13):           0,         0,         0,         0,         0,         0,         0,         0
Processed: 21000 total; 71.4% slam + 28.6% game
Averages: ideal = 765, bidGame = 408, slam=646
Their contract expectation average: passed = 0, doubled = 692
Yet more 143731 to go:.........
    :  HITS COUNT   :
( 0):        5757,       495,        37,         0,         0,         0,         0,      6289
( 1):       10333,      5378,         0,         0,         0,         0,         0,     15711
( 2):           0,         0,         0,         0,         0,         0,         0,         0
( 3):           0,  32907525,1512506180,         0,         0,         0,         0,1545413705
( 4):           0,  62933787,   7194157, 383742291,         0,         0,         0, 453870235
( 5):           0,         0,     80344,   1267295,         0,         0,         0,   1347639
( 6):           0,         0,    192576,     11280,         0,         0,         0,    203856
( 7):           0,         0,         0,         0,         0,         0,         0,         0
( 8):           0,         0,         0,         0,         0,         0,         0,         0
( 9):           0,         0,         0,         0,         0,         0,         0,         0
(10):         435,      2482,      6870,      8184,      3537,       428,         1,     21937
(11):          57,         6,         0,         0,         0,         0,         0,        63
(12):           0,         0,         0,         0,         0,         0,         0,         0
(13):           0,         0,         0,         0,         0,         0,         0,         0
Processed: 22000 total; 71.4% slam + 28.6% game
Averages: ideal = 765, bidGame = 408, slam=646
Their contract expectation average: passed = 0, doubled = 692
Yet more 142731 to go:.........
    :  HITS COUNT   :
( 0):        6025,       512,        38,         0,         0,         0,         0,      6575
( 1):       10819,      5606,         0,         0,         0,         0,         0,     16425
( 2):           0,         0,         0,         0,         0,         0,         0,         0
( 3):           0,  32907525,1512506180,         0,         0,         0,         0,1545413705
( 4):           0,  62933787,   7194157, 383742291,         0,         0,         0, 453870235
( 5):           0,         0,     80344,   1267295,         0,         0,         0,   1347639
( 6):           0,         0,    192576,     11280,         0,         0,         0,    203856
( 7):           0,         0,         0,         0,         0,         0,         0,         0
( 8):           0,         0,         0,         0,         0,         0,         0,         0
( 9):           0,         0,         0,         0,         0,         0,         0,         0
(10):         456,      2591,      7190,      8555,      3692,       451,         1,     22936
(11):          57,         7,         0,         0,         0,         0,         0,        64
(12):           0,         0,         0,         0,         0,         0,         0,         0
(13):           0,         0,         0,         0,         0,         0,         0,         0
Processed: 23000 total; 71.4% slam + 28.6% game
Averages: ideal = 765, bidGame = 408, slam=646
Their contract expectation average: passed = 0, doubled = 692
Yet more 141731 to go:.........
    :  HITS COUNT   :
( 0):        6282,       537,        41,         0,         0,         0,         0,      6860
( 1):       11276,      5864,         0,         0,         0,         0,         0,     17140
( 2):           0,         0,         0,         0,         0,         0,         0,         0
( 3):           0,  32907525,1512506180,         0,         0,         0,         0,1545413705
( 4):           0,  62933787,   7194157, 383742291,         0,         0,         0, 453870235
( 5):           0,         0,     80344,   1267295,         0,         0,         0,   1347639
( 6):           0,         0,    192576,     11280,         0,         0,         0,    203856
( 7):           0,         0,         0,         0,         0,         0,         0,         0
( 8):           0,         0,         0,         0,         0,         0,         0,         0
( 9):           0,         0,         0,         0,         0,         0,         0,         0
(10):         481,      2690,      7514,      8935,      3836,       476,         2,     23934
(11):          59,         7,         0,         0,         0,         0,         0,        66
(12):           0,         0,         0,         0,         0,         0,         0,         0
(13):           0,         0,         0,         0,         0,         0,         0,         0
Processed: 24000 total; 71.4% slam + 28.6% game
Averages: ideal = 765, bidGame = 408, slam=646
Their contract expectation average: passed = 0, doubled = 692
Yet more 140731 to go:.........
    :  HITS COUNT   :
( 0):        6537,       563,        42,         0,         0,         0,         0,      7142
( 1):       11731,      6127,         0,         0,         0,         0,         0,     17858
( 2):           0,         0,         0,         0,         0,         0,         0,         0
( 3):           0,  32907525,1512506180,         0,         0,         0,         0,1545413705
( 4):           0,  62933787,   7194157, 383742291,         0,         0,         0, 453870235
( 5):           0,         0,     80344,   1267295,         0,         0,         0,   1347639
( 6):           0,         0,    192576,     11280,         0,         0,         0,    203856
( 7):           0,         0,         0,         0,         0,         0,         0,         0
( 8):           0,         0,         0,         0,         0,         0,         0,         0
( 9):           0,         0,         0,         0,         0,         0,         0,         0
(10):         502,      2793,      7809,      9327,      4001,       498,         2,     24932
(11):          60,         8,         0,         0,         0,         0,         0,        68
(12):           0,         0,         0,         0,         0,         0,         0,         0
(13):           0,         0,         0,         0,         0,         0,         0,         0
Processed: 25000 total; 71.4% slam + 28.6% game
Averages: ideal = 765, bidGame = 408, slam=646
Their contract expectation average: passed = 0, doubled = 692
Yet more 139731 to go:.........
    :  HITS COUNT   :
( 0):        6817,       583,        43,         0,         0,         0,         0,      7443
( 1):       12225,      6332,         0,         0,         0,         0,         0,     18557
( 2):           0,         0,         0,         0,         0,         0,         0,         0
( 3):           0,  32907525,1512506180,         0,         0,         0,         0,1545413705
( 4):           0,  62933787,   7194157, 383742291,         0,         0,         0, 453870235
( 5):           0,         0,     80344,   1267295,         0,         0,         0,   1347639
( 6):           0,         0,    192576,     11280,         0,         0,         0,    203856
( 7):           0,         0,         0,         0,         0,         0,         0,         0
( 8):           0,         0,         0,         0,         0,         0,         0,         0
( 9):           0,         0,         0,         0,         0,         0,         0,         0
(10):         516,      2903,      8107,      9722,      4156,       525,         2,     25931
(11):          61,         8,         0,         0,         0,         0,         0,        69
(12):           0,         0,         0,         0,         0,         0,         0,         0
(13):           0,         0,         0,         0,         0,         0,         0,         0
Processed: 26000 total; 71.4% slam + 28.6% game
Averages: ideal = 765, bidGame = 408, slam=645
Their contract expectation average: passed = 0, doubled = 693
Yet more 138731 to go:.........
    :  HITS COUNT   :
( 0):        7068,       601,        45,         0,         0,         0,         0,      7714
( 1):       12704,      6582,         0,         0,         0,         0,         0,     19286
( 2):           0,         0,         0,         0,         0,         0,         0,         0
( 3):           0,  32907525,1512506180,         0,         0,         0,         0,1545413705
( 4):           0,  62933787,   7194157, 383742291,         0,         0,         0, 453870235
( 5):           0,         0,     80344,   1267295,         0,         0,         0,   1347639
( 6):           0,         0,    192576,     11280,         0,         0,         0,    203856
( 7):           0,         0,         0,         0,         0,         0,         0,         0
( 8):           0,         0,         0,         0,         0,         0,         0,         0
( 9):           0,         0,         0,         0,         0,         0,         0,         0
(10):         528,      3010,      8412,     10107,      4316,       551,         4,     26928
(11):          64,         8,         0,         0,         0,         0,         0,        72
(12):           0,         0,         0,         0,         0,         0,         0,         0
(13):           0,         0,         0,         0,         0,         0,         0,         0
Processed: 27000 total; 71.4% slam + 28.6% game
Averages: ideal = 765, bidGame = 408, slam=646
Their contract expectation average: passed = 0, doubled = 693
Yet more 137731 to go:.........
    :  HITS COUNT   :
( 0):        7352,       623,        47,         0,         0,         0,         0,      8022
( 1):       13182,      6796,         0,         0,         0,         0,         0,     19978
( 2):           0,         0,         0,         0,         0,         0,         0,         0
( 3):           0,  32907525,1512506180,         0,         0,         0,         0,1545413705
( 4):           0,  62933787,   7194157, 383742291,         0,         0,         0, 453870235
( 5):           0,         0,     80344,   1267295,         0,         0,         0,   1347639
( 6):           0,         0,    192576,     11280,         0,         0,         0,    203856
( 7):           0,         0,         0,         0,         0,         0,         0,         0
( 8):           0,         0,         0,         0,         0,         0,         0,         0
( 9):           0,         0,         0,         0,         0,         0,         0,         0
(10):         542,      3127,      8713,     10491,      4481,       568,         4,     27926
(11):          66,         8,         0,         0,         0,         0,         0,        74
(12):           0,         0,         0,         0,         0,         0,         0,         0
(13):           0,         0,         0,         0,         0,         0,         0,         0
Processed: 28000 total; 71.3% slam + 28.6% game
Averages: ideal = 765, bidGame = 408, slam=645
Their contract expectation average: passed = 0, doubled = 693
Yet more 136731 to go:.........
    :  HITS COUNT   :
( 0):        7630,       637,        51,         0,         0,         0,         0,      8318
( 1):       13640,      7042,         0,         0,         0,         0,         0,     20682
( 2):           0,         0,         0,         0,         0,         0,         0,         0
( 3):           0,  32907525,1512506180,         0,         0,         0,         0,1545413705
( 4):           0,  62933787,   7194157, 383742291,         0,         0,         0, 453870235
( 5):           0,         0,     80344,   1267295,         0,         0,         0,   1347639
( 6):           0,         0,    192576,     11280,         0,         0,         0,    203856
( 7):           0,         0,         0,         0,         0,         0,         0,         0
( 8):           0,         0,         0,         0,         0,         0,         0,         0
( 9):           0,         0,         0,         0,         0,         0,         0,         0
(10):         567,      3244,      9027,     10855,      4635,       589,         4,     28921
(11):          71,         8,         0,         0,         0,         0,         0,        79
(12):           0,         0,         0,         0,         0,         0,         0,         0
(13):           0,         0,         0,         0,         0,         0,         0,         0
Processed: 29000 total; 71.3% slam + 28.7% game
Averages: ideal = 764, bidGame = 408, slam=645
Their contract expectation average: passed = 0, doubled = 693
Yet more 135731 to go:.........
    :  HITS COUNT   :
( 0):        7886,       655,        54,         0,         0,         0,         0,      8595
( 1):       14113,      7292,         0,         0,         0,         0,         0,     21405
( 2):           0,         0,         0,         0,         0,         0,         0,         0
( 3):           0,  32907525,1512506180,         0,         0,         0,         0,1545413705
( 4):           0,  62933787,   7194157, 383742291,         0,         0,         0, 453870235
( 5):           0,         0,     80344,   1267295,         0,         0,         0,   1347639
( 6):           0,         0,    192576,     11280,         0,         0,         0,    203856
( 7):           0,         0,         0,         0,         0,         0,         0,         0
( 8):           0,         0,         0,         0,         0,         0,         0,         0
( 9):           0,         0,         0,         0,         0,         0,         0,         0
(10):         586,      3345,      9358,     11209,      4813,       606,         4,     29921
(11):          71,         8,         0,         0,         0,         0,         0,        79
(12):           0,         0,         0,         0,         0,         0,         0,         0
(13):           0,         0,         0,         0,         0,         0,         0,         0
Processed: 30000 total; 71.3% slam + 28.6% game
Averages: ideal = 765, bidGame = 408, slam=645
Their contract expectation average: passed = 0, doubled = 693
Yet more 134731 to go:.........
    :  HITS COUNT   :
( 0):        8119,       681,        57,         0,         0,         0,         0,      8857
( 1):       14610,      7533,         0,         0,         0,         0,         0,     22143
( 2):           0,         0,         0,         0,         0,         0,         0,         0
( 3):           0,  32907525,1512506180,         0,         0,         0,         0,1545413705
( 4):           0,  62933787,   7194157, 383742291,         0,         0,         0, 453870235
( 5):           0,         0,     80344,   1267295,         0,         0,         0,   1347639
( 6):           0,         0,    192576,     11280,         0,         0,         0,    203856
( 7):           0,         0,         0,         0,         0,         0,         0,         0
( 8):           0,         0,         0,         0,         0,         0,         0,         0
( 9):           0,         0,         0,         0,         0,         0,         0,         0
(10):         601,      3470,      9643,     11597,      4980,       625,         4,     30920
(11):          72,         8,         0,         0,         0,         0,         0,        80
(12):           0,         0,         0,         0,         0,         0,         0,         0
(13):           0,         0,         0,         0,         0,         0,         0,         0
Processed: 31000 total; 71.4% slam + 28.6% game
Averages: ideal = 765, bidGame = 408, slam=646
Their contract expectation average: passed = 0, doubled = 693
Yet more 133731 to go:.........
    :  HITS COUNT   :
( 0):        8383,       708,        60,         0,         0,         0,         0,      9151
( 1):       15087,      7762,         0,         0,         0,         0,         0,     22849
( 2):           0,         0,         0,         0,         0,         0,         0,         0
( 3):           0,  32907525,1512506180,         0,         0,         0,         0,1545413705
( 4):           0,  62933787,   7194157, 383742291,         0,         0,         0, 453870235
( 5):           0,         0,     80344,   1267295,         0,         0,         0,   1347639
( 6):           0,         0,    192576,     11280,         0,         0,         0,    203856
( 7):           0,         0,         0,         0,         0,         0,         0,         0
( 8):           0,         0,         0,         0,         0,         0,         0,         0
( 9):           0,         0,         0,         0,         0,         0,         0,         0
(10):         622,      3583,      9950,     11978,      5130,       648,         4,     31915
(11):          76,         9,         0,         0,         0,         0,         0,        85
(12):           0,         0,         0,         0,         0,         0,         0,         0
(13):           0,         0,         0,         0,         0,         0,         0,         0
Processed: 32000 total; 71.4% slam + 28.6% game
Averages: ideal = 765, bidGame = 408, slam=646
Their contract expectation average: passed = 0, doubled = 693
Yet more 132731 to go:.........
    :  HITS COUNT   :
( 0):        8662,       726,        62,         0,         0,         0,         0,      9450
( 1):       15554,      7996,         0,         0,         0,         0,         0,     23550
( 2):           0,         0,         0,         0,         0,         0,         0,         0
( 3):           0,  32907525,1512506180,         0,         0,         0,         0,1545413705
( 4):           0,  62933787,   7194157, 383742291,         0,         0,         0, 453870235
( 5):           0,         0,     80344,   1267295,         0,         0,         0,   1347639
( 6):           0,         0,    192576,     11280,         0,         0,         0,    203856
( 7):           0,         0,         0,         0,         0,         0,         0,         0
( 8):           0,         0,         0,         0,         0,         0,         0,         0
( 9):           0,         0,         0,         0,         0,         0,         0,         0
(10):         649,      3709,     10241,     12357,      5281,       670,         4,     32911
(11):          80,         9,         0,         0,         0,         0,         0,        89
(12):           0,         0,         0,         0,         0,         0,         0,         0
(13):           0,         0,         0,         0,         0,         0,         0,         0
Processed: 33000 total; 71.4% slam + 28.6% game
Averages: ideal = 765, bidGame = 408, slam=645
Their contract expectation average: passed = 0, doubled = 693
Yet more 131731 to go:.........
    :  HITS COUNT   :
( 0):        8930,       758,        64,         0,         0,         0,         0,      9752
( 1):       16028,      8220,         0,         0,         0,         0,         0,     24248
( 2):           0,         0,         0,         0,         0,         0,         0,         0
( 3):           0,  32907525,1512506180,         0,         0,         0,         0,1545413705
( 4):           0,  62933787,   7194157, 383742291,         0,         0,         0, 453870235
( 5):           0,         0,     80344,   1267295,         0,         0,         0,   1347639
( 6):           0,         0,    192576,     11280,         0,         0,         0,    203856
( 7):           0,         0,         0,         0,         0,         0,         0,         0
( 8):           0,         0,         0,         0,         0,         0,         0,         0
( 9):           0,         0,         0,         0,         0,         0,         0,         0
(10):         666,      3822,     10579,     12701,      5439,       696,         4,     33907
(11):          84,         9,         0,         0,         0,         0,         0,        93
(12):           0,         0,         0,         0,         0,         0,         0,         0
(13):           0,         0,         0,         0,         0,         0,         0,         0
Processed: 34000 total; 71.3% slam + 28.7% game
Averages: ideal = 764, bidGame = 408, slam=645
Their contract expectation average: passed = 0, doubled = 693
Yet more 130731 to go:.........
    :  HITS COUNT   :
( 0):        9180,       788,        66,         0,         0,         0,         0,     10034
( 1):       16474,      8492,         0,         0,         0,         0,         0,     24966
( 2):           0,         0,         0,         0,         0,         0,         0,         0
( 3):           0,  32907525,1512506180,         0,         0,         0,         0,1545413705
( 4):           0,  62933787,   7194157, 383742291,         0,         0,         0, 453870235
( 5):           0,         0,     80344,   1267295,         0,         0,         0,   1347639
( 6):           0,         0,    192576,     11280,         0,         0,         0,    203856
( 7):           0,         0,         0,         0,         0,         0,         0,         0
( 8):           0,         0,         0,         0,         0,         0,         0,         0
( 9):           0,         0,         0,         0,         0,         0,         0,         0
(10):         688,      3931,     10884,     13062,      5608,       726,         4,     34903
(11):          88,         9,         0,         0,         0,         0,         0,        97
(12):           0,         0,         0,         0,         0,         0,         0,         0
(13):           0,         0,         0,         0,         0,         0,         0,         0
Processed: 35000 total; 71.3% slam + 28.7% game
Averages: ideal = 764, bidGame = 408, slam=645
Their contract expectation average: passed = 0, doubled = 693
Yet more 129731 to go:.........
    :  HITS COUNT   :
( 0):        9440,       814,        70,         0,         0,         0,         0,     10324
( 1):       16958,      8718,         0,         0,         0,         0,         0,     25676
( 2):           0,         0,         0,         0,         0,         0,         0,         0
( 3):           0,  32907525,1512506180,         0,         0,         0,         0,1545413705
( 4):           0,  62933787,   7194157, 383742291,         0,         0,         0, 453870235
( 5):           0,         0,     80344,   1267295,         0,         0,         0,   1347639
( 6):           0,         0,    192576,     11280,         0,         0,         0,    203856
( 7):           0,         0,         0,         0,         0,         0,         0,         0
( 8):           0,         0,         0,         0,         0,         0,         0,         0
( 9):           0,         0,         0,         0,         0,         0,         0,         0
(10):         714,      4051,     11218,     13404,      5748,       758,         4,     35897
(11):          94,         9,         0,         0,         0,         0,         0,       103
(12):           0,         0,         0,         0,         0,         0,         0,         0
(13):           0,         0,         0,         0,         0,         0,         0,         0
Processed: 36000 total; 71.3% slam + 28.7% game
Averages: ideal = 764, bidGame = 407, slam=645
Their contract expectation average: passed = 0, doubled = 693
Yet more 128731 to go:.........
    :  HITS COUNT   :
( 0):        9703,       833,        74,         0,         0,         0,         0,     10610
( 1):       17445,      8945,         0,         0,         0,         0,         0,     26390
( 2):           0,         0,         0,         0,         0,         0,         0,         0
( 3):           0,  32907525,1512506180,         0,         0,         0,         0,1545413705
( 4):           0,  62933787,   7194157, 383742291,         0,         0,         0, 453870235
( 5):           0,         0,     80344,   1267295,         0,         0,         0,   1347639
( 6):           0,         0,    192576,     11280,         0,         0,         0,    203856
( 7):           0,         0,         0,         0,         0,         0,         0,         0
( 8):           0,         0,         0,         0,         0,         0,         0,         0
( 9):           0,         0,         0,         0,         0,         0,         0,         0
(10):         730,      4156,     11541,     13793,      5896,       776,         4,     36896
(11):          95,         9,         0,         0,         0,         0,         0,       104
(12):           0,         0,         0,         0,         0,         0,         0,         0
(13):           0,         0,         0,         0,         0,         0,         0,         0
Processed: 37000 total; 71.3% slam + 28.7% game
Averages: ideal = 764, bidGame = 407, slam=645
Their contract expectation average: passed = 0, doubled = 693
    :  HITS COUNT   :
( 0):       11960,      1059,        92,         0,         0,         0,         0,     13111
( 1):       21741,     11148,         0,         0,         0,         0,         0,     32889
( 2):           0,         0,         0,         0,         0,         0,         0,         0
( 3):           0,  32907525,1512506180,         0,         0,         0,         0,1545413705
( 4):           0,  62933787,   7194157, 383742291,         0,         0,         0, 453870235
( 5):           0,         0,     80344,   1267295,         0,         0,         0,   1347639
( 6):           0,         0,    192576,     11280,         0,         0,         0,    203856
( 7):           0,         0,         0,         0,         0,         0,         0,         0
( 8):           0,         0,         0,         0,         0,         0,         0,         0
( 9):           0,         0,         0,         0,         0,         0,         0,         0
(10):         888,      5188,     14360,     17143,      7347,       934,         5,     45865
(11):         123,        12,         0,         0,         0,         0,         0,       135
(12):           0,         0,         0,         0,         0,         0,         0,         0
(13):           0,         0,         0,         0,         0,         0,         0,         0
Processed: 46000 total; 71.5% slam + 28.5% game
Averages: ideal = 765, bidGame = 407, slam=647
Their contract expectation average: passed = 0, doubled = 692
    :  HITS COUNT   :
( 0):       15577,      1417,       112,         0,         0,         0,         0,     17106
( 1):       28457,     14437,         0,         0,         0,         0,         0,     42894
( 2):           0,         0,         0,         0,         0,         0,         0,         0
( 3):           0,  32907525,1512506180,         0,         0,         0,         0,1545413705
( 4):           0,  62933787,   7194157, 383742291,         0,         0,         0, 453870235
( 5):           0,         0,     80344,   1267295,         0,         0,         0,   1347639
( 6):           0,         0,    192576,     11280,         0,         0,         0,    203856
( 7):           0,         0,         0,         0,         0,         0,         0,         0
( 8):           0,         0,         0,         0,         0,         0,         0,         0
( 9):           0,         0,         0,         0,         0,         0,         0,         0
(10):        1182,      6771,     18656,     22459,      9510,      1247,         6,     59831
(11):         156,        13,         0,         0,         0,         0,         0,       169
(12):           0,         0,         0,         0,         0,         0,         0,         0
(13):           0,         0,         0,         0,         0,         0,         0,         0
Processed: 60000 total; 71.5% slam + 28.5% game
Averages: ideal = 764, bidGame = 407, slam=646
Their contract expectation average: passed = 0, doubled = 692
    :  HITS COUNT   :
( 0):       20629,      1888,       155,         0,         0,         0,         0,     22672
( 1):       37993,     19335,         0,         0,         0,         0,         0,     57328
( 2):           0,         0,         0,         0,         0,         0,         0,         0
( 3):           0,  32907525,1512506180,         0,         0,         0,         0,1545413705
( 4):           0,  62933787,   7194157, 383742291,         0,         0,         0, 453870235
( 5):           0,         0,     80344,   1267295,         0,         0,         0,   1347639
( 6):           0,         0,    192576,     11280,         0,         0,         0,    203856
( 7):           0,         0,         0,         0,         0,         0,         0,         0
( 8):           0,         0,         0,         0,         0,         0,         0,         0
( 9):           0,         0,         0,         0,         0,         0,         0,         0
(10):        1573,      8926,     24964,     29899,     12719,      1678,         7,     79766
(11):         217,        17,         0,         0,         0,         0,         0,       234
(12):           0,         0,         0,         0,         0,         0,         0,         0
(13):           0,         0,         0,         0,         0,         0,         0,         0
Processed: 80000 total; 71.7% slam + 28.3% game
Averages: ideal = 765, bidGame = 407, slam=648
Their contract expectation average: passed = 0, doubled = 693
Yet more 84731 to go:.........
    :  HITS COUNT   :
( 0):       28509,      2625,       214,         0,         0,         0,         0,     31348
( 1):       52708,     26944,         0,         0,         0,         0,         0,     79652
( 2):           0,         0,         0,         0,         0,         0,         0,         0
( 3):           0,  32907525,1512506180,         0,         0,         0,         0,1545413705
( 4):           0,  62933787,   7194157, 383742291,         0,         0,         0, 453870235
( 5):           0,         0,     80344,   1267295,         0,         0,         0,   1347639
( 6):           0,         0,    192576,     11280,         0,         0,         0,    203856
( 7):           0,         0,         0,         0,         0,         0,         0,         0
( 8):           0,         0,         0,         0,         0,         0,         0,         0
( 9):           0,         0,         0,         0,         0,         0,         0,         0
(10):        2168,     12395,     34550,     41554,     17651,      2347,        12,    110677
(11):         302,        21,         0,         0,         0,         0,         0,       323
(12):           0,         0,         0,         0,         0,         0,         0,         0
(13):           0,         0,         0,         0,         0,         0,         0,         0
Processed: 111000 total; 71.8% slam + 28.2% game
Averages: ideal = 766, bidGame = 407, slam=649
Their contract expectation average: passed = 0, doubled = 693
Yet more 53731 to go:.........
Total iterations = 2001000066, balance is fine

--------------------------------

Final result:

    :  HITS COUNT   :
( 0):       42192,      3903,       312,         1,         0,         0,         0,     46408
( 1):       78468,     39755,         0,         0,         0,         0,         0,    118223
( 2):           0,         0,         0,         0,         0,         0,         0,         0
( 3):           0,  32907525,1512506180,         0,         0,         0,         0,1545413705
( 4):           0,  62933787,   7194157, 383742291,         0,         0,         0, 453870235
( 5):           0,         0,     80344,   1267295,         0,         0,         0,   1347639
( 6):           0,         0,    192576,     11280,         0,         0,         0,    203856
( 7):           0,         0,         0,         0,         0,         0,         0,         0
( 8):           0,         0,         0,         0,         0,         0,         0,         0
( 9):           0,         0,         0,         0,         0,         0,         0,         0
(10):        3208,     18427,     51152,     61802,     26148,      3421,        15,    164173
(11):         434,        24,         0,         0,         0,         0,         0,       458
(12):           0,         0,         0,         0,         0,         0,         0,         0
(13):           0,         0,         0,         0,         0,         0,         0,         0
Processed: 164631 total; 71.8% slam + 28.2% game
Averages: ideal = 766, bidGame = 407, slam=650
Their contract expectation average: passed = 0, doubled = 693
The search took 8.2 + an aftermath 3941.0 sec.
Press any key.
