Fix a weak hand;
(2c)-p-(3NT)-all pass
Question: what to lead?
Ver 2.0  started.
Aiming :  501000000 =
   main:  168304688 +
helperA:  166347656 +
helperB:  166347656
-------------------
Memory 25M in main
Memory 25M in helperA
Memory 25M in helperB
helperA:  166065354 done---> 137954
helperB:  166330320 done---> 137483
   main:  168605034 done
Passing 415958 for double-dummy inspection: roughly each 1 of 90; 37475221 skipped

--------
            9543
            Q
            KQ3
            KQ863
AQ8                     K762
J742                    AT965
J964                    85
94                      T2
            JT
            K83
            AT72
            AJ75

  card suit   rank   equals score
     0 S      Q             5
     1 S      A             5
     2 S      8             4
     3 H      2             4
     4 H      4             4
     5 H      7             4
     6 H      J             4
     7 D      4             4
     8 D      6             4
     9 D      9             4
    10 D      J             4
    11 C      4             4
    12 C      9             4

Any key to continue...ok..
    :  HITS COUNTS   :
( 0):      23874,    15582,     6762,     1996,      549,      268,      102,     49133
( 1):      31222,    22030,     8568,     3047,        0,        0,        0,     64867
( 2):          0,        0,        0,        0,        0,        0,        0,         0
( 3):          0,        0,        0,        0,        0,        0,        0,         0
( 4):          0,        0,        0,        0,        0,        0,        0,         0
( 5):          0,        0,        0,460794218,        0,        0,        0, 460794218
( 6):          0,        0, 26226677,        0,        0,        0,        0,  26226677
( 7):          0,        0, 10472081,        0,        0,        0,        0,  10472081
( 8):          0,        0,        0,  2711995,        0,        0,        0,   2711995
( 9):          0,        0,   104330,        0,        0,        0,        0,    104330
(10):          0,        0,   252791,        0,        0,        0,        0,    252791
(11):          0,        0,        0,     5132,        0,        0,        0,      5132
(12):          0,        0,        0,        0,        0,        0,        0,         0
(13):          0,        0,        0,        0,        0,        0,        0,         0
Processed: 114000 total; 43.1% down some + 56.9% game
Averages: ideal = 276, lead Spade = 361, lead Hearts = 446, lead Diamonds = 508

------------------------------------------------------------

Final result:
    90295,    59177,    19020,     3523,     1128,      898,      234,       14,        0,        0,        0,        0,        0,        0,        0,        0,    174289
   117561,    82015,    30921,    11172,        0,        0,        0,        0,        0,        0,        0,        0,        0,        0,        0,        0,    241669
        0,        0,        0,        0,        0,        0,        0,        0,        0,        0,        0,        0,        0,        0,        0,        0,         0
        0,        0,        0,        0,        0,        0,        0,        0,        0,        0,        0,        0,        0,        0,        0,        0,         0
        0,        0,        0,        0,        0,        0,        0,        0,        0,        0,        0,        0,        0,        0,        0,        0,         0
        0,        0,        0,460810064,        0,        0,        0,        0,        0,        0,        0,        0,        0,        0,        0,        0, 460810064
        0,        0, 26218022,        0,        0,        0,        0,        0,        0,        0,        0,        0,        0,        0,        0,        0,  26218022
        0,        0, 10468738,        0,        0,        0,        0,        0,        0,        0,        0,        0,        0,        0,        0,        0,  10468738
        0,    30582,        0,  2710924,        0,        0,        0,        0,        0,        0,        0,        0,        0,        0,        0,        0,   2741506
        0,        0,    95041,        0,        0,        0,        0,        0,        0,        0,        0,        0,        0,        0,        0,        0,     95041
        0,        0,   246880,        0,        0,        0,        0,        0,        0,        0,        0,        0,        0,        0,        0,        0,    246880
        0,        0,        0,     4499,        0,        0,        0,        0,        0,        0,        0,        0,        0,        0,        0,        0,      4499
        0,        0,        0,        0,        0,        0,        0,        0,        0,        0,        0,        0,        0,        0,        0,        0,         0
        0,        0,        0,        0,        0,        0,        0,        0,        0,        0,        0,        0,        0,        0,        0,        0,         0
        0,        0,        0,        0,        0,        0,        0,        0,        0,        0,        0,        0,        0,        0,        0,        0,         0
        0,        0,        0,        0,        0,        0,        0,        0,        0,        0,        0,        0,        0,        0,        0,        0,         0
        0,        0,        0,        0,        0,        0,        0,        0,        0,        0,        0,        0,        0,        0,        0,        0,         0
        0,        0,        0,        0,        0,        0,        0,        0,        0,        0,        0,        0,        0,        0,        0,        0,         0
        0,        0,        0,        0,        0,        0,        0,        0,        0,        0,        0,        0,        0,        0,        0,        0,         0
        0,        0,        0,        0,        0,        0,        0,        0,        0,        0,        0,        0,        0,        0,        0,        0,         0
        0,        0,        0,        0,        0,        0,        0,        0,        0,        0,        0,        0,        0,        0,        0,        0,         0
        0,        0,        0,        0,        0,        0,        0,        0,        0,        0,        0,        0,        0,        0,        0,        0,         0
        0,        0,        0,        0,        0,        0,        0,        0,        0,        0,        0,        0,        0,        0,        0,        0,         0
        0,        0,        0,        0,        0,        0,        0,        0,        0,        0,        0,        0,        0,        0,        0,        0,         0
        0,        0,        0,        0,        0,        0,        0,        0,        0,        0,        0,        0,        0,        0,        0,        0,         0
        0,        0,        0,        0,        0,        0,        0,        0,        0,        0,        0,        0,        0,        0,        0,        0,         0
        0,        0,        0,        0,        0,        0,        0,        0,        0,        0,        0,        0,        0,        0,        0,        0,         0
        0,        0,        0,        0,        0,        0,        0,        0,        0,        0,        0,        0,        0,        0,        0,        0,         0
        0,        0,        0,        0,        0,        0,        0,        0,        0,        0,        0,        0,        0,        0,        0,        0,         0
        0,        0,        0,        0,        0,        0,        0,        0,        0,        0,        0,        0,        0,        0,        0,        0,         0
        0,        0,        0,        0,        0,        0,        0,        0,        0,        0,        0,        0,        0,        0,        0,        0,         0
        0,        0,        0,        0,        0,        0,        0,        0,        0,        0,        0,        0,        0,        0,        0,        0,         0
        0,        0,        0,        0,        0,        0,        0,        0,        0,        0,        0,        0,        0,        0,        0,        0,         0
        0,        0,        0,        0,        0,        0,        0,        0,        0,        0,        0,        0,        0,        0,        0,        0,         0
        0,        0,        0,        0,        0,        0,        0,        0,        0,        0,        0,        0,        0,        0,        0,        0,         0
        0,        0,        0,        0,        0,        0,        0,        0,        0,        0,        0,        0,        0,        0,        0,        0,         0
        0,        0,        0,        0,        0,        0,        0,        0,        0,        0,        0,        0,        0,        0,        0,        0,         0
        0,        0,        0,        0,        0,        0,        0,        0,        0,        0,        0,        0,        0,        0,        0,        0,         0
        0,        0,        0,        0,        0,        0,        0,        0,        0,        0,        0,        0,        0,        0,        0,        0,         0
        0,        0,        0,        0,        0,        0,        0,        0,        0,        0,        0,        0,        0,        0,        0,        0,         0
        0,        0,        0,        0,        0,        0,        0,        0,        0,        0,        0,        0,        0,        0,        0,        0,         0


Total iterations = 501000708, balance is fine

--------------------------------

Final result:

    :  HITS COUNTS   :
( 0):      90295,    59177,    19020,     3523,     1128,      898,      234,    174275
( 1):     117561,    82015,    30921,    11172,        0,        0,        0,    241669
( 2):          0,        0,        0,        0,        0,        0,        0,         0
( 3):          0,        0,        0,        0,        0,        0,        0,         0
( 4):          0,        0,        0,        0,        0,        0,        0,         0
( 5):          0,        0,        0,460810064,        0,        0,        0, 460810064
( 6):          0,        0, 26218022,        0,        0,        0,        0,  26218022
( 7):          0,        0, 10468738,        0,        0,        0,        0,  10468738
( 8):          0,    30582,        0,  2710924,        0,        0,        0,   2741506
( 9):          0,        0,    95041,        0,        0,        0,        0,     95041
(10):          0,        0,   246880,        0,        0,        0,        0,    246880
(11):          0,        0,        0,     4499,        0,        0,        0,      4499
(12):          0,        0,        0,        0,        0,        0,        0,         0
(13):          0,        0,        0,        0,        0,        0,        0,         0
Processed: 415944 total; 41.9% down some + 58.1% game
Averages: ideal = 291, lead Spade = 376, lead Hearts = 447, lead Diamonds = 507
The search took 2.3 + an aftermath 24672.1 sec.
Press any key.

Fix a weak hand;
(2c)-p-(3NT)-all pass
Question: what to lead?
Ver 2.0  started.
Aiming :  501000000 =
   main:  168304688 +
helperA:  166347656 +
helperB:  166347656
Passing 473728 for double-dummy inspection: roughly each 1 of 84; 39823548 skipped

    :  HITS COUNTS   :
( 0):          0,        0,        0,        0,        0,        0,        0,         0
( 1):          0,        0,        0,        0,        0,        0,        0,         0
( 2):          0,        0,        0,        0,        0,        0,        0,         0
( 3):          0,        0,        0,        0,        0,        0,        0,         0
( 4):          0,        0,        0,        0,        0,        0,        0,         0
( 5):          0,        0,        0,457602880,        0,        0,        0, 457602880
( 6):          0,        0, 24911133,        0,        0,        0,        0,  24911133
( 7):          0,        0, 13930847,        0,        0,        0,        0,  13930847
( 8):          0,    34702,        0,  3568366,        0,        0,        0,   3603068
( 9):          0,        0,   127925,        0,        0,        0,        0,    127925
(10):          0,        0,   299912,        0,        0,        0,        0,    299912
(11):          0,    45301,        0,     5680,        0,        0,        0,     50981
(12):          0,        0,        0,        0,        0,        0,        0,         0
(13):          0,        0,        0,        0,        0,        0,        0,         0
Solving started:
Seek 8 tricks board...example:
--------
            K643
            K85
            5
            AQT73
A82                     T75
J742                    AQ96
J964                    Q82
94                      J86
            QJ9
            T3
            AKT73
            K52

  card suit   rank   equals score
     0 H      2             5
     1 H      4             5
     2 H      7             5
     3 H      J             5
     4 S      A             5
     5 D      4             5
     6 D      6             5
     7 D      9             5
     8 D      J             5
     9 C      4             5
    10 C      9             5
    11 S      2             5
    12 S      8             5

Any key to continue...ok....
    :  HITS COUNTS   :
( 0):      18613,    10123,     1753,       73,       64,       45,        0,     30671
( 1):      23478,    16946,     5739,     1166,        0,        0,        0,     47329
( 2):          0,        0,        0,        0,        0,        0,        0,         0
( 3):          0,        0,        0,        0,        0,        0,        0,         0
( 4):          0,        0,        0,        0,        0,        0,        0,         0
( 5):          0,        0,        0,457602880,        0,        0,        0, 457602880
( 6):          0,        0, 24911133,        0,        0,        0,        0,  24911133
( 7):          0,        0, 13930847,        0,        0,        0,        0,  13930847
( 8):          0,    34702,        0,  3568366,        0,        0,        0,   3603068
( 9):          0,        0,   127925,        0,        0,        0,        0,    127925
(10):          0,        0,   299912,        0,        0,        0,        0,    299912
(11):          0,    45301,        0,     5680,        0,        0,        0,     50981
(12):          0,        0,        0,        0,        0,        0,        0,         0
(13):          0,        0,        0,        0,        0,        0,        0,         0
Processed: 78000 total; 39.3% down some + 60.7% game
Averages: ideal = 318, lead Spade = 419, lead Hearts = 438, lead Diamonds = 501
Yet more 395828 to go:.
